=================
death, Total: 11445
(10, 2)
   count      freq
1   3277  0.286326
2   1888  0.164963
3   1238  0.108170
4   1101  0.096199
5   1081  0.094452
6    801  0.069987
7    625  0.054609
8    564  0.049279
9    488  0.042639
0    382  0.033377
=================

=================
deathConfirmed, Total: 4896
(10, 2)
   count      freq
1   1399  0.285743
2    800  0.163399
3    654  0.133578
5    552  0.112745
6    406  0.082925
4    375  0.076593
8    251  0.051266
7    249  0.050858
9    179  0.036560
0     31  0.006332
=================

=================
deathIncrease, Total: 12194
(16, 2)
    count      freq
 0   3815  0.312859
 1   2836  0.232573
 2   1535  0.125882
 3    994  0.081515
 4    754  0.061834
 5    570  0.046744
 6    502  0.041168
 7    427  0.035017
 8    365  0.029933
 9    351  0.028785
-1     25  0.002050
-2     11  0.000902
-3      3  0.000246
-4      3  0.000246
-5      2  0.000164
-8      1  0.000082
=================

=================
deathProbable, Total: 3510
(10, 2)
   count      freq
1   1291  0.367806
2    870  0.247863
3    264  0.075214
4    233  0.066382
8    210  0.059829
5    168  0.047863
7    161  0.045869
9    140  0.039886
6     93  0.026496
0     80  0.022792
=================

=================
positive, Total: 12095
(10, 2)
   count      freq
1   3687  0.304837
2   1725  0.142621
3   1374  0.113601
4   1154  0.095411
5    996  0.082348
6    942  0.077883
7    760  0.062836
8    594  0.049111
9    521  0.043076
0    342  0.028276
=================

=================
positiveCasesViral, Total: 9306
(10, 2)
   count      freq
1   2863  0.307651
2   1342  0.144208
3   1055  0.113368
4    916  0.098431
5    744  0.079948
6    673  0.072319
7    580  0.062325
8    461  0.049538
9    377  0.040511
0    295  0.031700
=================

